#ZVView-data-copy:   9-Jul-2018 12:08:10
#=======================================
#
#name:   ENDF/B-VIII.0: H-3(D,N`)HE-4-L0
#X.axis: Incident Energy
#Y.axis: Cross Section
#wdata:  2
#ldata:  375
#data...
#            X            Y
#          MeV        barns
        0.0001            0
        0.0001            0
        0.0002   7.4327e-39
        0.0003   4.0555e-31
        0.0004   1.5862e-26
        0.0005   2.1029e-23
        0.0006   4.1704e-21
        0.0007   2.5141e-19
        0.0008   6.7828e-18
        0.0009   1.0321e-16
         0.001   1.0268e-15
    0.00141421  8.54012e-13
    0.00168179  1.59618e-11
    0.00183401  6.25711e-11
    0.00187417   8.7191e-11
    0.00188945  9.86464e-11
    0.00189934   1.0676e-10
    0.00190846  1.14768e-10
    0.00191967  1.25349e-10
    0.00192953  1.35375e-10
     0.0019382  1.44778e-10
    0.00194939  1.57772e-10
    0.00196113  1.72535e-10
    0.00197078  1.85571e-10
    0.00198117  2.00591e-10
     0.0019937  2.20165e-10
    0.00200635  2.41634e-10
      0.002019  2.64987e-10
    0.00203153  2.90092e-10
    0.00204394  3.17033e-10
    0.00205623  3.45898e-10
     0.0020684  3.76775e-10
    0.00208046  4.09753e-10
    0.00209239   4.4492e-10
     0.0021042  4.82366e-10
     0.0021159   5.2218e-10
    0.00212747   5.6445e-10
    0.00213892  6.09266e-10
    0.00215026  6.56714e-10
    0.00216148  7.06882e-10
    0.00217258  7.59856e-10
    0.00218356  8.15721e-10
    0.00219443  8.74559e-10
    0.00220517  9.36452e-10
    0.00221581   1.00148e-9
    0.00223156   1.10521e-9
      0.002247   1.21613e-9
    0.00226224   1.33508e-9
    0.00227717   1.46164e-9
     0.0022919    1.5967e-9
    0.00230633   1.73975e-9
    0.00232055    1.8917e-9
    0.00233448   2.05192e-9
    0.00234821   2.22139e-9
    0.00236166   2.39934e-9
    0.00237491   2.58681e-9
    0.00238788    2.7829e-9
    0.00240065   2.98869e-9
    0.00241743   3.27943e-9
     0.0024338   3.58685e-9
    0.00244976    3.9109e-9
    0.00246532   4.25149e-9
    0.00248049   4.60845e-9
    0.00249527   4.98154e-9
    0.00250968   5.37049e-9
    0.00252371   5.77493e-9
    0.00253738   6.19447e-9
     0.0025507   6.62866e-9
    0.00257007   7.30812e-9
    0.00258857   8.01387e-9
    0.00260644   8.75134e-9
     0.0026235   9.51055e-9
    0.00263995   1.02972e-8
    0.00265566   1.11006e-8
     0.0026708   1.19269e-8
    0.00269027   1.30686e-8
    0.00270865   1.42335e-8
      0.002726   1.54153e-8
    0.00274237    1.6608e-8
     0.0027578    1.7806e-8
    0.00277942   1.96108e-8
    0.00279897   2.13795e-8
    0.00281703   2.31356e-8
    0.00283858   2.53946e-8
    0.00285827   2.76252e-8
    0.00287562   2.97294e-8
    0.00289803   3.26549e-8
    0.00291058    3.4401e-8
    0.00293268   3.76732e-8
    0.00295565    4.1358e-8
    0.00297141    4.4065e-8
    0.00299044   4.75367e-8
    0.00301352   5.20681e-8
    0.00303348   5.62894e-8
    0.00305315   6.07381e-8
    0.00307244   6.53925e-8
    0.00309145   7.02785e-8
    0.00311644   7.71833e-8
    0.00314085   8.44857e-8
    0.00316467   9.21844e-8
    0.00318792   1.00277e-7
    0.00321061   1.08758e-7
    0.00323274   1.17623e-7
    0.00325433   1.26865e-7
    0.00327537   1.36473e-7
     0.0032959   1.46439e-7
     0.0033159   1.56751e-7
    0.00334502   1.72886e-7
    0.00337289   1.89639e-7
    0.00339981   2.07138e-7
    0.00342555   2.25145e-7
     0.0034504   2.43796e-7
    0.00347414   2.62835e-7
    0.00349704   2.82405e-7
    0.00352654   3.09433e-7
    0.00355441   3.36989e-7
    0.00358075   3.64925e-7
    0.00360561   3.93101e-7
    0.00362908   4.21381e-7
    0.00366198   4.63947e-7
    0.00369178   5.05621e-7
    0.00371934    5.4696e-7
    0.00375332    6.0187e-7
     0.0037833   6.54165e-7
    0.00380973   7.03428e-7
    0.00384324   7.70391e-7
    0.00387151   8.31033e-7
    0.00390324   9.03878e-7
    0.00393753   9.88613e-7
    0.00396864   1.07125e-6
         0.004    1.1604e-6
    0.00402799   1.24534e-6
    0.00406858   1.37785e-6
    0.00410788    1.5173e-6
     0.0041455   1.66179e-6
    0.00418188   1.81242e-6
    0.00421669   1.96712e-6
    0.00425032   2.12705e-6
    0.00427195   2.23558e-6
    0.00431418    2.4609e-6
    0.00435414   2.69145e-6
    0.00439194   2.92596e-6
    0.00442768    3.1632e-6
    0.00446145   3.40197e-6
    0.00450837   3.75865e-6
    0.00455185   4.11665e-6
    0.00459126   4.46527e-6
    0.00462772   4.80942e-6
    0.00467269   5.26419e-6
     0.0047124     5.695e-6
    0.00476386   6.29652e-6
    0.00479276   6.65685e-6
    0.00484375   7.33446e-6
     0.0048969   8.10074e-6
    0.00493348   8.66563e-6
    0.00497773   9.39229e-6
    0.00502857   1.02897e-5
    0.00508351   1.13387e-5
    0.00513645   1.24315e-5
    0.00518658   1.35449e-5
    0.00523402    1.4673e-5
    0.00527889     1.581e-5
     0.0053213   1.69504e-5
    0.00538088   1.86652e-5
    0.00543494   2.03421e-5
    0.00548503   2.20037e-5
     0.0055469   2.42079e-5
    0.00560161   2.63041e-5
    0.00564993   2.82761e-5
    0.00571129   3.09525e-5
    0.00576316   3.33724e-5
    0.00582148   3.62743e-5
    0.00588462   3.96433e-5
    0.00594203   4.29226e-5
         0.006    4.6453e-5
    0.00605809   5.02302e-5
    0.00611305   5.40292e-5
    0.00618955   5.96987e-5
    0.00626059   6.53826e-5
    0.00632508   7.09114e-5
    0.00638483   7.63633e-5
    0.00645867   8.35584e-5
    0.00652398    9.0365e-5
    0.00660876   9.98537e-5
    0.00665644  0.000105529
    0.00674072  0.000116187
    0.00682874  0.000128213
    0.00688942  0.000137063
    0.00696294  0.000148427
    0.00702927  0.000159317
    0.00711411  0.000174176
    0.00719117  0.000188599
     0.0072626  0.000202795
    0.00735093  0.000221491
    0.00742909  0.000239141
    0.00753062   0.00026369
     0.0076381  0.000291778
    0.00772701   0.00031673
    0.00782342   0.00034563
    0.00791122  0.000373691
     0.0080295  0.000414276
    0.00811492  0.000445704
    0.00822061  0.000487102
    0.00831422  0.000526183
    0.00843591  0.000580541
    0.00856486  0.000642733
    0.00867163  0.000697977
    0.00878751   0.00076195
    0.00889312  0.000824054
         0.009   0.00089074
    0.00911931  0.000970152
    0.00927164   0.00107918
    0.00940108   0.00117887
    0.00954736   0.00129968
     0.0097006   0.00143594
    0.00980648   0.00153614
    0.00993507   0.00166472
     0.0100597   0.00179705
     0.0102259   0.00198564
     0.0104023   0.00220145
     0.0105486   0.00239317
     0.0107076   0.00261517
     0.0108528   0.00283066
         0.011     0.003062
     0.0111733   0.00335274
     0.0113205    0.0036149
     0.0114867   0.00392837
     0.0116674   0.00429108
     0.0118881   0.00476572
     0.0120579   0.00515644
     0.0122261   0.00556673
     0.0124349   0.00610789
     0.0126206   0.00661936
     0.0128629   0.00733144
     0.0131208   0.00814677
     0.0133353   0.00887128
      0.013569   0.00971036
     0.0137828    0.0105248
         0.014     0.011399
     0.0142356    0.0124105
     0.0145377    0.0137947
     0.0147954    0.0150559
     0.0150878    0.0165785
     0.0153108    0.0178076
     0.0156516    0.0198007
         0.016     0.021986
     0.0163422    0.0243034
     0.0166343    0.0264037
     0.0169657    0.0289269
     0.0173281    0.0318598
     0.0176608    0.0347161
         0.018     0.037791
       0.01845    0.0421749
     0.0188259    0.0460733
     0.0192371    0.0505896
     0.0197424    0.0565051
          0.02     0.059678
     0.0204823    0.0659741
     0.0208516    0.0710597
     0.0214181    0.0793108
         0.022     0.088359
      0.022668    0.0995979
      0.023135     0.107932
     0.0237081     0.118699
     0.0242413     0.129308
     0.0248553     0.142261
     0.0256127     0.159214
      0.026242     0.174191
     0.0268568     0.189671
     0.0276136     0.209727
     0.0282425     0.227316
     0.0292338      0.25683
          0.03      0.28096
         0.035      0.47073
          0.04      0.71636
         0.045       1.0173
          0.05       1.3702
         0.055       1.7686
          0.06       2.2021
          0.07       3.1134
         0.075       3.5535
          0.08       3.9571
         0.085       4.3068
          0.09       4.5902
         0.095       4.8005
           0.1        4.937
         0.102       4.9718
         0.104       4.9959
         0.108       5.0142
         0.112       4.9969
         0.114       4.9766
          0.12       4.8769
         0.125       4.7592
          0.13       4.6194
          0.14       4.3027
          0.15       3.9704
          0.16       3.6475
          0.17       3.3465
          0.18       3.0723
          0.19       2.8256
           0.2       2.6051
          0.22       2.2332
          0.24       1.9369
          0.26       1.6985
          0.28       1.5046
           0.3       1.3448
          0.32       1.2116
          0.34       1.0994
          0.36       1.0039
          0.38      0.92182
           0.4      0.85074
          0.42       0.7887
          0.44       0.7342
          0.46        0.686
          0.48      0.64315
           0.5      0.60485
          0.55      0.52504
           0.6      0.46249
          0.65       0.4124
           0.7      0.37157
          0.75      0.33778
           0.8      0.30944
          0.85      0.28541
           0.9      0.26483
          0.95      0.24705
             1      0.23158
           1.1      0.20607
           1.2      0.18603
           1.3      0.16999
           1.4      0.15695
           1.5       0.1462
           1.6      0.13725
           1.7      0.12971
           1.8      0.12333
           1.9      0.11788
             2       0.1132
           2.1      0.10916
           2.2      0.10567
           2.3      0.10263
           2.4     0.099995
           2.5     0.097697
           2.6     0.095695
           2.7     0.093952
           2.8     0.092438
             3     0.089992
           3.2     0.088184
           3.4     0.086877
           3.6     0.085975
           3.8     0.085262
           4.8     0.081523
           5.2     0.079509
           5.8     0.075695
           6.6     0.070442
             7     0.067979
             8     0.061234
           8.5     0.058278
             9      0.05568
           9.5     0.053365
            10     0.051372
            11     0.047773
          11.4     0.046531
            12     0.044817
         12.75     0.042837
         13.36     0.041536
          13.5     0.041155
            15     0.038398
          16.5     0.036127
            18     0.034278
            19     0.033226
            20     0.032297
          22.5     0.030399
            24     0.029494
            25     0.028973
          27.5     0.027892
            30     0.027062
//
#-------------------------------------------------------------------------------

