      0.032308  2.078000e-08
      0.046498  7.480000e-07
      0.081316  5.010000e-05
      0.098125  2.502000e-04
      0.108713  4.661000e-04
      0.124430  9.139000e-04
      0.135127  1.793000e-03
      0.140912  3.521000e-03
      0.151063  4.109000e-03
      0.156848  8.069000e-03
      0.157502  1.505000e-02
      0.162960  2.279000e-02
      0.163397  3.113000e-02
      0.163615  3.832000e-02
      0.163942  4.968000e-02
      0.168199  2.662000e-02
      0.172565  1.756000e-02
      0.186536  7.630000e-03
      0.186754  9.393000e-03
      0.191885  1.097000e-02
      0.197015  1.281000e-02
      0.202145  1.420000e-02
      0.212295  1.746000e-02
      0.232488  2.379000e-02
      0.252790  3.595000e-02
      0.262832  3.984000e-02
      0.278003  4.894000e-02
      0.293175  6.013000e-02
      0.303326  7.786000e-02
      0.323519  1.061000e-01
      0.333669  1.238000e-01
      0.353644  1.443000e-01
      0.378748  1.865000e-01
      0.403852  2.288000e-01
      0.418915  2.669000e-01
      0.433869  2.955000e-01
      0.449040  3.630000e-01
      0.458973  3.819000e-01
      0.483968  4.449000e-01
      0.508963  5.182000e-01
      0.533958  6.036000e-01
      0.558845  6.337000e-01
      0.598793  8.174000e-01
      0.623570  8.147000e-01
      0.648238  7.710000e-01
      0.673124  7.685000e-01
      0.702703  6.899000e-01
      0.732283  5.880000e-01
      0.756841  5.015000e-01
      0.781509  4.506000e-01
      0.811089  3.840000e-01
      0.840668  3.273000e-01
      0.860315  2.652000e-01
      0.884983  2.510000e-01
      0.919692  2.372000e-01
      0.934427  2.134000e-01
      0.964116  2.018000e-01
      0.988893  2.011000e-01
      1.023493  1.901000e-01
      1.043358  1.800000e-01
      1.073156  1.888000e-01
      1.098042  1.787000e-01
      1.127512  1.875000e-01
      1.156983  1.867000e-01
      1.182087  1.961000e-01
      1.207191  1.954000e-01
      1.232296  1.948000e-01
      1.256309  1.941000e-01
      1.286870  2.037000e-01
      1.310883  1.928000e-01
      1.330530  2.025000e-01
      1.361092  2.125000e-01
      1.390562  2.009000e-01
      1.425490  2.000000e-01
      1.454960  1.992000e-01
      1.470241  1.988000e-01
      1.494254  1.982000e-01
      1.524816  1.974000e-01
# #
# #
